# Blender v2.76 (sub 0) OBJ File: ''
# www.blender.org
mtllib simple-chair2.mtl
o Cube.002_Cube.007
v 0.597666 -1.054932 -0.588228
v 0.597666 -1.048578 -0.634303
v 0.597666 -0.177365 -0.514152
v 0.597666 -0.183719 -0.468077
v 0.644176 -1.048578 -0.634303
v 0.644176 -0.177365 -0.514152
v 0.644176 -1.054932 -0.588228
v 0.644176 -0.183719 -0.468077
vn 1.000000 -0.000000 0.000000
vn 0.000000 -0.136600 0.990600
vn -1.000000 0.000000 0.000000
vn 0.000000 0.136600 -0.990600
vn 0.000000 -0.990600 -0.136600
vn 0.000000 0.990600 0.136600
usemtl None
s 1
f 1//1 2//1 3//1 4//1
f 2//2 5//2 6//2 3//2
f 5//3 7//3 8//3 6//3
f 7//4 1//4 4//4 8//4
f 4//5 3//5 6//5 8//5
f 7//6 5//6 2//6 1//6
o Cube.002_Cube.006
v 0.597666 -1.055878 0.643420
v 0.597666 -1.055878 0.596909
v 0.597666 -0.176419 0.596909
v 0.597666 -0.176419 0.643420
v 0.644176 -1.055878 0.596909
v 0.644176 -0.176419 0.596909
v 0.644176 -1.055878 0.643420
v 0.644176 -0.176419 0.643420
vn 1.000000 0.000000 0.000000
vn 0.000000 -0.000000 1.000000
vn -1.000000 0.000000 0.000000
vn 0.000000 0.000000 -1.000000
vn 0.000000 -1.000000 0.000000
vn 0.000000 1.000000 0.000000
usemtl None
s 1
f 9//7 10//7 11//7 12//7
f 10//8 13//8 14//8 11//8
f 13//9 15//9 16//9 14//9
f 15//10 9//10 12//10 16//10
f 12//11 11//11 14//11 16//11
f 15//12 13//12 10//12 9//12
o Cube.002_Cube.005
v 0.574211 -0.112197 -0.477711
v 0.574211 -0.117525 -0.523915
v 0.574211 0.756143 -0.624669
v 0.574211 0.761472 -0.578465
v 0.620722 -0.117525 -0.523915
v 0.620722 0.756143 -0.624669
v 0.620722 -0.112197 -0.477711
v 0.620722 0.761472 -0.578465
vn 1.000000 0.000000 0.000000
vn 0.000000 0.114600 0.993400
vn -1.000000 0.000000 0.000000
vn 0.000000 -0.114600 -0.993400
vn 0.000000 -0.993400 0.114600
vn 0.000000 0.993400 -0.114600
usemtl None
s 1
f 17//13 18//13 19//13 20//13
f 18//14 21//14 22//14 19//14
f 21//15 23//15 24//15 22//15
f 23//16 17//16 20//16 24//16
f 20//17 19//17 22//17 24//17
f 23//18 21//18 18//18 17//18
o Cube.002_Cube.004
v -0.597707 -0.112197 -0.477711
v -0.597707 -0.117525 -0.523915
v -0.597707 0.756143 -0.624669
v -0.597707 0.761472 -0.578465
v -0.551197 -0.117525 -0.523915
v -0.551197 0.756143 -0.624669
v -0.551197 -0.112197 -0.477711
v -0.551197 0.761472 -0.578465
vn 1.000000 -0.000000 0.000000
vn 0.000000 0.114600 0.993400
vn -1.000000 0.000000 0.000000
vn 0.000000 -0.114600 -0.993400
vn 0.000000 -0.993400 0.114600
vn 0.000000 0.993400 -0.114600
usemtl None
s 1
f 25//19 26//19 27//19 28//19
f 26//20 29//20 30//20 27//20
f 29//21 31//21 32//21 30//21
f 31//22 25//22 28//22 32//22
f 28//23 27//23 30//23 32//23
f 31//24 29//24 26//24 25//24
o Cube.002_Cube.002
v -0.667023 -0.018030 -0.491764
v -0.667023 -0.018031 0.564965
v -0.667023 -0.107134 0.671430
v -0.667023 -0.107133 -0.491764
v 0.666967 -0.018031 0.564965
v 0.666967 -0.107134 0.671430
v 0.666967 -0.018030 -0.491764
v 0.666967 -0.107133 -0.491764
vn 1.000000 0.000000 0.000000
vn 0.000000 -0.766900 -0.641800
vn -1.000000 0.000000 0.000000
vn 0.000000 -0.000000 1.000000
vn 0.000000 1.000000 0.000000
vn 0.000000 -1.000000 -0.000000
usemtl None
s 1
f 33//25 34//25 35//25 36//25
f 34//26 37//26 38//26 35//26
f 37//27 39//27 40//27 38//27
f 39//28 33//28 36//28 40//28
f 36//29 35//29 38//29 40//29
f 39//30 37//30 34//30 33//30
o Cube.002_Cube.001
v -0.643757 -1.055878 0.643420
v -0.643757 -1.055878 0.596909
v -0.643757 -0.176419 0.596909
v -0.643757 -0.176419 0.643420
v -0.597246 -1.055878 0.596909
v -0.597246 -0.176419 0.596909
v -0.597246 -1.055878 0.643420
v -0.597246 -0.176419 0.643420
vn 1.000000 0.000000 0.000000
vn 0.000000 -0.000000 1.000000
vn -1.000000 0.000000 0.000000
vn 0.000000 0.000000 -1.000000
vn 0.000000 -1.000000 0.000000
vn 0.000000 1.000000 0.000000
usemtl None
s 1
f 41//31 42//31 43//31 44//31
f 42//32 45//32 46//32 43//32
f 45//33 47//33 48//33 46//33
f 47//34 41//34 44//34 48//34
f 44//35 43//35 46//35 48//35
f 47//36 45//36 42//36 41//36
o Cube.002_Cube.000
v -0.658696 -1.054932 -0.588228
v -0.658696 -1.048578 -0.634303
v -0.658696 -0.177365 -0.514152
v -0.658696 -0.183719 -0.468077
v -0.612185 -1.048578 -0.634303
v -0.612185 -0.177365 -0.514152
v -0.612185 -1.054932 -0.588228
v -0.612185 -0.183719 -0.468077
vn 1.000000 -0.000000 0.000000
vn 0.000000 -0.136600 0.990600
vn -1.000000 -0.000000 0.000000
vn 0.000000 0.136600 -0.990600
vn 0.000000 -0.990600 -0.136600
vn 0.000000 0.990600 0.136600
usemtl None
s 1
f 49//37 50//37 51//37 52//37
f 50//38 53//38 54//38 51//38
f 53//39 55//39 56//39 54//39
f 55//40 49//40 52//40 56//40
f 52//41 51//41 54//41 56//41
f 55//42 53//42 50//42 49//42
o Cube.002_Cube.003
v 0.666967 0.456394 -0.486252
v 0.666967 1.040287 -0.588223
v 0.666967 1.060842 -0.775820
v 0.666967 0.441851 -0.574160
v -0.667023 1.040287 -0.588223
v -0.667023 1.060842 -0.775820
v -0.667023 0.456394 -0.486252
v -0.667023 0.441851 -0.574160
vn -1.000000 0.000000 0.000000
vn 0.000000 -0.994100 -0.108900
vn 1.000000 0.000000 0.000000
vn 0.000000 0.986600 -0.163200
vn -0.000000 0.309800 0.950800
vn 0.000000 -0.172000 -0.985100
usemtl None
s 1
f 57//43 58//43 59//43 60//43
f 58//44 61//44 62//44 59//44
f 61//45 63//45 64//45 62//45
f 63//46 57//46 60//46 64//46
f 60//47 59//47 62//47 64//47
f 63//48 61//48 58//48 57//48
